2341242343432423432414234243242
0420423403040324000004210340320
0041204032403204032042000000012
0041304032040310402402300421403
2341242343432423432414234243242
0420423403040324000004210340320
0041204032403204032042000000012
0041304032040310402402300421403
2341242343432423432414234243242
0420423403040324000004210340320
0041204032403204032042000000012
0041304032040310402402300421403
2341242343432423432414234243242
0420423403040324000004210340320
0041204032403204032042000000012
0041304032040310402402300421403
